1.220 -1.02251366e+06
1.240 -1.48042061e+06
1.260 -1.75598481e+06
1.280 -1.38842491e+06
1.300 -1.01829102e+06
1.320 -6.45777337e+05
1.340 -2.71094701e+05
1.360 1.05526285e+05
1.380 4.83832181e+05
1.400 8.63543544e+05
1.420 1.24435169e+06
1.440 1.62591536e+06
1.460 2.00785719e+06
1.480 2.38976014e+06
1.500 2.77116362e+06
1.520 3.15155948e+06
1.540 3.53038774e+06
1.560 3.90703208e+06
1.580 4.28081498e+06
1.600 4.65099263e+06
1.620 5.01674943e+06
1.640 5.37719208e+06
1.660 5.73134333e+06
1.680 6.07813519e+06
1.700 6.41640171e+06
1.720 6.74487113e+06
1.740 7.06215756e+06
1.760 7.36675188e+06
1.780 5.71215648e+06
1.800 3.91189864e+06
