1.220 -1.61126488e+06
1.240 -2.39703180e+06
1.260 -3.02795444e+06
1.280 -2.71400139e+06
1.300 -2.39795289e+06
1.320 -2.07986939e+06
1.340 -1.75981324e+06
1.360 -1.43785052e+06
1.380 -1.11405292e+06
1.400 -7.88499490e+05
1.420 -4.61278430e+05
1.440 -1.32488826e+05
1.460 1.97757592e+05
1.480 5.29334680e+05
1.500 8.62100080e+05
1.520 1.19589338e+06
1.540 1.53053424e+06
1.560 1.86582039e+06
1.580 2.20152566e+06
1.600 2.53739780e+06
1.620 2.87315633e+06
1.640 3.20849015e+06
1.660 3.54305513e+06
1.680 3.87647150e+06
1.700 4.20832116e+06
1.720 4.53814475e+06
1.740 4.86543860e+06
1.760 5.18965147e+06
1.780 4.08267304e+06
1.800 2.81614621e+06
