1.220 -2.02231835e+06
1.240 -3.03795571e+06
1.260 -3.91978117e+06
1.280 -3.64684904e+06
1.300 -3.37267115e+06
1.320 -3.09726596e+06
1.340 -2.82064790e+06
1.360 -2.54282878e+06
1.380 -2.26381919e+06
1.400 -1.98362979e+06
1.420 -1.70227250e+06
1.440 -1.41976173e+06
1.460 -1.13611549e+06
1.480 -8.51356517e+05
1.500 -5.65513380e+05
1.520 -2.78621559e+05
1.540 9.27545502e+03
1.560 2.98125068e+05
1.580 5.87864473e+05
1.600 8.78419522e+05
1.620 1.16970357e+06
1.640 1.46161628e+06
1.660 1.75404241e+06
1.680 2.04685054e+06
1.700 2.33989174e+06
1.720 2.63299821e+06
1.740 2.92598184e+06
1.760 3.21863270e+06
1.780 2.57966136e+06
1.800 1.79523543e+06
